0.0 0.0
3.0 0.0
6.0 -0.28
10.0 -0.33
13.0 -0.33
17.0 -1.44
20.0 -1.71
24.0 -1.71
27.0 0.03
31.0 0.03
34.0 0.03
38.0 0.25
41.0 -0.52
45.0 -0.52
48.0 -1.59
52.0 -0.26
55.0 -0.26
59.0 -0.12
62.0 1.64
66.0 1.64
69.0 0.57
73.0 0.34
76.0 0.34
80.0 0.87
83.0 1.46
87.0 1.46
90.0 1.95
94.0 0.05
97.0 -0.1
101.0 -0.1
104.0 -0.09
108.0 -0.14
111.0 -0.14
115.0 -0.04
118.0 -0.02
122.0 -0.02
125.0 -0.22
129.0 0.1
132.0 0.1
136.0 -1.35
139.0 -1.4
143.0 -1.4
146.0 -0.39
150.0 -0.38
153.0 -0.38
157.0 0.05
160.0 -1.56
164.0 -1.56
167.0 -0.97
171.0 0.03
174.0 0.03
178.0 0.09
