0.0 0.0
3.0 0.0
6.0 -0.78
9.0 -1.27
12.0 -0.16
16.0 -0.16
19.0 -0.04
22.0 -0.04
26.0 -0.41
29.0 -0.41
33.0 0.22
36.0 0.13
40.0 0.13
43.0 0.07
47.0 0.02
50.0 0.02
54.0 0.48
57.0 -0.13
61.0 -0.13
64.0 -0.25
68.0 -0.08
71.0 -0.05
74.0 -0.02
78.0 -0.02
81.0 1.58
85.0 0.55
88.0 0.55
92.0 0.11
95.0 0.06
99.0 0.06
102.0 0.03
106.0 -1.63
109.0 -1.63
113.0 -0.57
116.0 -0.11
120.0 -0.06
123.0 -0.03
126.0 -0.03
130.0 -0.01
133.0 -0.0
137.0 -0.0
140.0 -0.0
144.0 0.0
147.0 0.0
151.0 0.0
154.0 0.0
158.0 0.0
161.0 0.0
165.0 0.0
168.0 0.0
172.0 0.0
175.0 0.0
179.0 0.0
182.0 0.0
