0.0 0.0
3.0 -0.120685961245
6.0 -0.028392706997
10.0 0.370573112648
13.0 0.476390505431
17.0 0.777863895967
20.0 0.834842721311
24.0 0.672044871673
27.0 0.299974732216
31.0 -0.466447863563
34.0 -0.277231138874
38.0 0.519711952267
41.0 0.886956461344
45.0 0.941193384251
48.0 0.618121007046
52.0 0.0298430293816
55.0 -0.517187560544
58.0 -0.596892907817
62.0 -0.23448713299
65.0 0.675760669921
69.0 1.07090773936
72.0 0.849218457867
76.0 0.273845938795
79.0 0.316262082978
83.0 0.777662799904
86.0 1.17089226068
90.0 1.27214182328
93.0 1.27961721606
97.0 1.07086086155
100.0 0.855817996146
