0.0 0.0
3.0 0.0
6.0 0.455590908817
10.0 0.757098457508
13.0 0.554745740179
17.0 0.325933327132
20.0 0.176223666236
24.0 0.281729220366
27.0 0.787004762031
31.0 0.741098431214
34.0 0.246763561376
38.0 0.111558850522
41.0 0.30465573874
45.0 0.217365565134
48.0 -0.126273566161
52.0 -0.122657361561
55.0 -0.0719158195841
59.0 -0.289194098017
62.0 -0.195178333855
66.0 0.141901507454
69.0 -0.508012039925
73.0 -0.769563859755
76.0 -0.62124040381
80.0 0.155314391197
83.0 0.443866779254
87.0 -0.247642568151
90.0 -0.275184098973
94.0 -0.779964944751
97.0 -0.417131054376
101.0 -0.660215028888
104.0 -0.250472592544
108.0 -0.104680623575
111.0 -0.0516711551188
115.0 -0.0267942726988
118.0 -0.0140718568489
122.0 0.664424334609
125.0 0.848715051294
129.0 0.355868013055
132.0 0.388211512092
136.0 0.642673045468
139.0 0.170214300791
143.0 -0.11730870674
146.0 0.21648362592
150.0 0.69430591303
153.0 0.284987556931
157.0 0.354179559409
160.0 0.238075289949
164.0 0.451611572663
167.0 0.700761206335
171.0 0.216212941649
174.0 0.07943786208
178.0 -0.267617980352
