1.0 0.0
1.5 0.1
2.0 0.1
2.5 0.0
3.0 0.1
3.5 0.1
4.0 0.1
4.5 0.1
5.0 0.1
5.5 0.0
6.0 0.1
6.5 0.1
7.0 0.0
7.5 0.1
8.0 0.1
8.5 0.1
9.0 0.1
9.5 0.1
10.0 0.1
10.5 0.1
11.0 0.0
11.5 0.1
12.0 0.1
12.5 0.1
13.0 0.1
13.5 0.1
14.0 0.1
14.5 0.1
15.0 0.3
15.5 0.7
16.0 1.3
16.5 2.6
17.0 4.3
17.5 5.7
18.0 6.5
18.5 7.1
19.0 7.5
19.5 7.8
20.0 8.1
20.5 8.3
21.0 8.4
21.5 8.5
22.0 8.4
22.5 8.1
23.0 7.5
23.5 7.2
24.0 6.7
24.5 5.9
25.0 5.3
25.5 4.8
26.0 3.7
26.5 2.6
27.0 1.4
27.5 0.3
28.0 -0.8
28.5 -2.4
29.0 -3.6
29.5 -4.2
30.0 -4.7
30.5 -5.1
31.0 -5.5
31.5 -6.0
32.0 -6.4
32.5 -6.7
33.0 -6.8
33.5 -6.9
34.0 -7.0
34.5 -7.0
35.0 -6.6
35.5 -6.3
36.0 -6.5
36.5 -6.6
37.0 -6.6
37.5 -6.6
38.0 -6.6
